dimension(10).
point(1, 20, 40).
point(2, 70, 60).
point(3, 10, 80).
point(4, 90, 30).
point(5, 50, 20).
point(6, 80, 90).
point(7, 30, 70).
point(8, 60, 10).
point(9, 40, 50).
point(10, 15, 25).
cost(1,2,54).
cost(1,3,41).
cost(1,4,71).
cost(1,5,36).
cost(1,6,78).
cost(1,7,32).
cost(1,8,50).
cost(1,9,22).
cost(1,10,16).
cost(2,1,54).
cost(2,3,63).
cost(2,4,36).
cost(2,5,45).
cost(2,6,32).
cost(2,7,41).
cost(2,8,51).
cost(2,9,32).
cost(2,10,65).
cost(3,1,41).
cost(3,2,63).
cost(3,4,94).
cost(3,5,72).
cost(3,6,71).
cost(3,7,22).
cost(3,8,86).
cost(3,9,42).
cost(3,10,55).
cost(4,1,71).
cost(4,2,36).
cost(4,3,94).
cost(4,5,41).
cost(4,6,61).
cost(4,7,72).
cost(4,8,36).
cost(4,9,54).
cost(4,10,75).
cost(5,1,36).
cost(5,2,45).
cost(5,3,72).
cost(5,4,41).
cost(5,6,76).
cost(5,7,54).
cost(5,8,14).
cost(5,9,32).
cost(5,10,35).
cost(6,1,78).
cost(6,2,32).
cost(6,3,71).
cost(6,4,61).
cost(6,5,76).
cost(6,7,54).
cost(6,8,82).
cost(6,9,57).
cost(6,10,92).
cost(7,1,32).
cost(7,2,41).
cost(7,3,22).
cost(7,4,72).
cost(7,5,54).
cost(7,6,54).
cost(7,8,67).
cost(7,9,22).
cost(7,10,47).
cost(8,1,50).
cost(8,2,51).
cost(8,3,86).
cost(8,4,36).
cost(8,5,14).
cost(8,6,82).
cost(8,7,67).
cost(8,9,45).
cost(8,10,47).
cost(9,1,22).
cost(9,2,32).
cost(9,3,42).
cost(9,4,54).
cost(9,5,32).
cost(9,6,57).
cost(9,7,22).
cost(9,8,45).
cost(9,10,35).
cost(10,1,16).
cost(10,2,65).
cost(10,3,55).
cost(10,4,75).
cost(10,5,35).
cost(10,6,92).
cost(10,7,47).
cost(10,8,47).
cost(10,9,35).